19001900
19011901
19021902
19031903
19041904
19051905
19061906
19071907
19081908
19091909
19101910
19111911
19121912
19131913
19141914
19151915
19161916
19171917
19181918
19191919
19201920
19211921
19221922
19231923
19241924
19251925
19261926
19271927
19281928
19291929
19301930
19311931
19321932
19331933
19341934
19351935
19361936
19371937
19381938
19391939
19401940
19411941
19421942
19431943
19441944
19451945
19461946
19491949
19481948
19491949
19501950
19511951
19521952
19531953
19541954
19551955
19561956
19571957
19581958
19591959
19601960
19611961
19621962
19631963
19641964
19651965
19661966
19671967
19681968
19691969
19701970
19711971
19721972
19731973
19741974
19751975
19761976
19771977
19781978
19791979
19801980
19811981
19821982
19831983
19841984
19851985
19861986
19871987
19881988
19891989
19901990
19911991
19921992
19931993
19941994
19951995
19961996
19971997
19981998
19991999
20002000
20012001
20022002
20032003
20042004
20052005
20062006
20072007
20082008
20092009
20102010
20112011
20122012
20132013
20142014
20152015
20162016
20172017
20182018
20192019
20202020
20212021
20222022
20232023
20242024
20252025
20262026
20272027
20282028
20292029
20302030

19001901
19011902
19021903
19031904
19041905
19051906
19061907
19071908
19081909
19091910
19101911
19111912
19121913
19131914
19141915
19151916
19161917
19171918
19181919
19191920
19201921
19211922
19221923
19231924
19241925
19251926
19261927
19271928
19281929
19291930
19301931
19311932
19321933
19331934
19341935
19351936
19361937
19371938
19381939
19391940
19401941
19411942
19421943
19431944
19441945
19451946
19461949
19491948
19481949
19491950
19501951
19511952
19521953
19531954
19541955
19551956
19561957
19571958
19581959
19591960
19601961
19611962
19621963
19631964
19641965
19651966
19661967
19671968
19681969
19691970
19701971
19711972
19721973
19731974
19741975
19751976
19761977
19771978
19781979
19791980
19801981
19811982
19821983
19831984
19841985
19851986
19861987
19871988
19881989
19891990
19901991
19911992
19921993
19931994
19941995
19951996
19961997
19971998
19981999
19992000
20002001
20012002
20022003
20032004
20042005
20052006
20062007
20072008
20082009
20092010
20102011
20112012
20122013
20132014
20142015
20152016
20162017
20172018
20182019
20192020
20202021
20212022
20222023
20232024
20242025
20252026
20262027
20272028
20282029
20292030
20302031

19001899
19011900
19021901
19031902
19041903
19051904
19061905
19071906
19081907
19091908
19101909
19111910
19121911
19131912
19141913
19151914
19161915
19171916
19181917
19191918
19201919
19211920
19221921
19231922
19241923
19251924
19261925
19271926
19281927
19291928
19301929
19311930
19321931
19331932
19341933
19351934
19361935
19371936
19381937
19391938
19401939
19411940
19421941
19431942
19441943
19451944
19461945
19491946
19481949
19491948
19501949
19511950
19521951
19531952
19541953
19551954
19561955
19571956
19581957
19591958
19601959
19611960
19621961
19631962
19641963
19651964
19661965
19671966
19681967
19691968
19701969
19711970
19721971
19731972
19741973
19751974
19761975
19771976
19781977
19791978
19801979
19811980
19821981
19831982
19841983
19851984
19861985
19871986
19881987
19891988
19901989
19911990
19921991
19931992
19941993
19951994
19961995
19971996
19981997
19991998
20001999
20012000
20022001
20032002
20042003
20052004
20062005
20072006
20082007
20092008
20102009
20112010
20122011
20132012
20142013
20152014
20162015
20172016
20182017
20192018
20202019
20212020
20222021
20232022
20242023
20252024
20262025
20272026
20282027
20292028
20302029
20312030
